Evaluation Results:
loss: 0.21630509197711945
compile_metrics: 0.21941806375980377
