Evaluation Results:
loss: 0.21937189996242523
compile_metrics: 0.21937182545661926
