Evaluation Results:
loss: 0.011660921387374401
compile_metrics: 0.011660912074148655
