Evaluation Results:
loss: 0.21626120805740356
compile_metrics: 0.21937337517738342
