Evaluation Results:
loss: 0.2194139063358307
compile_metrics: 0.2194139063358307
