Evaluation Results:
loss: -0.23333615064620972
compile_metrics: 0.011514011770486832
